0.10416667
0.12329932
0.14243197
0.16156463
0.18069729
0.19982994
0.21936603
0.23890576
0.25844550
0.27798522
0.29752496
0.31688505
0.33621907
0.35555318
0.37488720
0.39422125
0.41369951
0.43323922
0.45277894
0.47231871
0.49185845
0.51139820
0.53093785
0.55047762
0.57001734
0.58955711
0.60909683
0.62863654
0.64817625
0.66810113
0.68806565
0.70785928
0.72739905
0.74693882
0.76683676
0.78680128
0.80676574
0.82673031
0.84669483
0.86665922
0.88662380
0.90673465
0.92714286
0.94755101
0.97108251
0.99098158
1.00988662
1.03090036
1.05635774
1.08461523
0.10425532
0.12379505
0.14333478
0.16287452
0.18241425
0.20195399
0.22149369
0.24103342
0.26057315
0.28011289
0.29965264
0.31919235
0.33873206
0.35827184
0.37781155
0.39735126
0.41707262
0.43682247
0.45657229
0.47632214
0.49607199
0.51565349
0.53519320
0.55473292
0.57427269
0.59381241
0.61364239
0.63360691
0.65357137
0.67353588
0.69350040
0.71346492
0.73342943
0.75354826
0.77442026
0.79529226
0.81513244
0.83467221
0.85439909
0.87480724
0.89521545
0.91597861
0.93685067
0.95886427
0.98206025
0.99955302
1.02105641
1.04755092
1.13316309
1.22500038
0.10531915
0.12485888
0.14439861
0.16393834
0.18347809
0.20305027
0.22280008
0.24254991
0.26229975
0.28204960
0.30179942
0.32154927
0.34129909
0.36104894
0.38079876
0.40055457
0.42051905
0.44048357
0.46044806
0.48041260
0.50037712
0.52034163
0.54030609
0.56027061
0.58023512
0.60019964
0.62016410
0.64012861
0.66031742
0.68072563
0.70113379
0.72154194
0.74195015
0.76235831
0.78276646
0.80317461
0.82358271
0.84399092
0.86472636
0.88559830
0.90647030
0.92734224
0.94821429
0.96937996
0.99078029
1.01238894
1.03586388
1.05696142
1.08478665
1.11818171
0.10416667
0.12329932
0.14243197
0.16156463
0.18069729
0.19982994
0.21916218
0.23849623
0.25783029
0.27716434
0.29649839
0.31583244
0.33516645
0.35450056
0.37383458
0.39316863
0.41250268
0.43183672
0.45117074
0.47050482
0.48983890
0.50927055
0.52881026
0.54834998
0.56788969
0.58742946
0.60696918
0.62650889
0.64604867
0.66558838
0.68512809
0.70476925
0.72473377
0.74469829
0.76435083
0.78389060
0.80350482
0.82346940
0.84343392
0.86339837
0.88336289
0.90340132
0.92380953
0.94421774
0.96462584
0.98503411
1.00576234
1.02783155
1.05233228
1.07857132
0.10425532
0.12379505
0.14333478
0.16260630
0.18173896
0.20089015
0.22042987
0.23996960
0.25950933
0.27904907
0.29858881
0.31793770
0.33727175
0.35660583
0.37593985
0.39527389
0.41476333
0.43430308
0.45384276
0.47338253
0.49292225
0.51273292
0.53269744
0.55260533
0.57214504
0.59168482
0.61146855
0.63143301
0.65139753
0.67136204
0.69132656
0.71129107
0.73125559
0.75122011
0.77118462
0.79114914
0.81111354
0.83107811
0.85106581
0.87147391
0.89188212
0.91229022
0.93269843
0.95310658
0.97351474
0.99474198
1.01635051
1.03795922
1.06526518
1.10200000
0.10520834
0.12434098
0.14347364
0.16287452
0.18241425
0.20195399
0.22149369
0.24103342
0.26057315
0.28011289
0.29965264
0.31939873
0.33914852
0.35889840
0.37864822
0.39839804
0.41814789
0.43789774
0.45764753
0.47739741
0.49714726
0.51708078
0.53704524
0.55700976
0.57697427
0.59693879
0.61690331
0.63686776
0.65698409
0.67739230
0.69780046
0.71781278
0.73777729
0.75791383
0.77832198
0.79873019
0.81913829
0.83954656
0.86041772
0.88177502
0.90299320
0.92340130
0.94380957
0.96476460
0.98573697
1.00650668
1.02862239
1.05090034
1.07635784
1.10461545
0.10425532
0.12379505
0.14333478
0.16287452
0.18241425
0.20193341
0.22126745
0.24060149
0.25993556
0.27926961
0.29860365
0.31793770
0.33727175
0.35660583
0.37593985
0.39527389
0.41476333
0.43430308
0.45384276
0.47338253
0.49292225
0.51246202
0.53200167
0.55157495
0.57153946
0.59150404
0.61122453
0.63076419
0.65030390
0.66984361
0.68938339
0.70911711
0.72908163
0.74904615
0.76901066
0.78897518
0.80893964
0.82890421
0.84886873
0.86925167
0.88965988
0.90984911
0.92981368
0.94977820
0.97018141
0.99121255
1.01210880
1.03325331
1.06105423
1.09166646
0.10531915
0.12485888
0.14439861
0.16364796
0.18278062
0.20195399
0.22149369
0.24103342
0.26057315
0.28011289
0.29965264
0.31919235
0.33873206
0.35827184
0.37781155
0.39735126
0.41707262
0.43682247
0.45657229
0.47632214
0.49607199
0.51599377
0.53595829
0.55592275
0.57588726
0.59585178
0.61581630
0.63578081
0.65562302
0.67516279
0.69470251
0.71487528
0.73528349
0.75556791
0.77553242
0.79549694
0.81580496
0.83621323
0.85662138
0.87702942
0.89743763
0.91784573
0.93825394
0.95899534
0.98018140
1.00062430
1.02237236
1.04533160
1.07105434
1.10166693
0.10531915
0.12485888
0.14439861
0.16424136
0.18420587
0.20408165
0.22362135
0.24316108
0.26270083
0.28224057
0.30179942
0.32154927
0.34129909
0.36104894
0.38079876
0.40055457
0.42051905
0.44048357
0.46044806
0.48041260
0.50037712
0.52034163
0.54030609
0.56049883
0.58090699
0.60128659
0.62125111
0.64121562
0.66142857
0.68183672
0.70219612
0.72216064
0.74212515
0.76235831
0.78276646
0.80324680
0.82411873
0.84499079
0.86551028
0.88591832
0.90662080
0.92797816
0.94933558
0.96977329
0.99078029
1.01238894
1.03399754
1.05895042
1.08192074
1.10352945
