1.10883331
1.15398633
1.19913948
1.23781633
1.27225518
1.30669391
1.33411252
1.36146808
1.38882375
1.41617930
1.44353497
1.46523583
1.48611665
1.50699735
1.52787817
1.54875886
1.56719255
1.58458292
1.60197330
1.61936367
1.63675404
1.65289056
1.66813159
1.68335342
1.69781280
1.71227229
1.72636783
1.74004555
1.75372338
1.76694679
1.78012335
1.79287279
1.80498743
1.81710207
1.82910204
1.84108078
1.85278881
1.86396897
1.87514901
1.88599598
1.89677691
1.90750206
1.91811430
1.92872655
1.94054127
1.95049083
1.95944905
1.96945012
1.98136103
1.99407697
1.31791484
1.37262607
1.42733741
1.47380888
1.51601481
1.55722415
1.58946455
1.62170517
1.65394568
1.68618619
1.71842682
1.74375808
1.76896441
1.79417062
1.81937695
1.84458315
1.86609697
1.88703179
1.90796661
1.92890143
1.94983625
1.96871424
1.98708153
2.00516486
2.02235985
2.03955507
2.05618691
2.07255769
2.08878565
2.10435796
2.11993027
2.13496399
2.14973783
2.16448379
2.17909408
2.19370461
2.20728993
2.22057700
2.23381543
2.24687648
2.25993800
2.27290678
2.28584743
2.29931855
2.31313324
2.32275414
2.33558106
2.35015297
2.39723945
2.44774914
1.57055318
1.63503432
1.69951546
1.75396097
1.80437350
1.85297847
1.89168811
1.93039787
1.96910751
2.00781727
2.04575300
2.07597041
2.10618758
2.13640499
2.16662216
2.19669890
2.22185421
2.24700928
2.27216458
2.29731989
2.32242227
2.34478259
2.36714292
2.38868141
2.40944457
2.43019557
2.44976091
2.46932626
2.48869848
2.50788212
2.52699780
2.54495692
2.56291604
2.58013368
2.59686852
2.61353970
2.62986612
2.64619279
2.66219211
2.67805457
2.69378805
2.70923328
2.72467875
2.73956609
2.75454617
2.76967239
2.78531170
2.79987311
2.81811142
2.83981824
0.96558332
1.00499654
1.04440987
1.07827210
1.10850167
1.13873136
1.16218626
1.18558049
1.20897460
1.23236883
1.25576305
1.27488244
1.29305649
1.31123054
1.32940447
1.34757853
1.36375201
1.37883258
1.39391315
1.40899384
1.42407441
1.43830395
1.45159090
1.46487796
1.47744942
1.48995483
1.50232089
1.51443553
1.52655017
1.53772950
1.54867172
1.55957544
1.57035625
1.58113706
1.59146237
1.60162306
1.61175239
1.62173474
1.63171697
1.64116323
1.65034699
1.65956461
1.66895235
1.67834020
1.68733788
1.69626534
1.70530486
1.71413267
1.72454953
1.73635721
1.14829791
1.19558394
1.24287009
1.28269982
1.31866920
1.35429072
1.38262331
1.41095591
1.43928862
1.46762121
1.49595380
1.51791084
1.53937161
1.56083250
1.58229315
1.60375392
1.62272990
1.64090180
1.65907383
1.67724574
1.69541776
1.71244097
1.72881186
1.74498010
1.75983024
1.77468050
1.78925741
1.80363178
1.81795037
1.83152616
1.84510207
1.85822630
1.87100351
1.88375652
1.89613450
1.90851247
1.92044592
1.93202531
1.94359684
1.95502532
1.96645391
1.97763669
1.98865712
1.99955332
2.00975728
2.02110815
2.03217506
2.04297948
2.05563259
2.07399988
1.36710417
1.42258883
1.47807348
1.52558136
1.56895971
1.61136091
1.64496922
1.67857754
1.71218586
1.74579418
1.77940249
1.80580032
1.83206749
1.85833490
1.88460207
1.91086936
1.93278122
1.95430851
1.97583580
1.99736321
2.01889062
2.03873920
2.05830455
2.07744908
2.09581637
2.11418390
2.13119888
2.14796901
2.16472697
2.18146157
2.19819641
2.21353769
2.22871065
2.24385619
2.25895834
2.27406049
2.28801417
2.30189157
2.31587577
2.32997155
2.34391570
2.35697699
2.37003827
2.38335085
2.39644217
2.40890408
2.42217350
2.43499517
2.44981456
2.46676898
0.93242556
0.97111422
1.00980282
1.04256928
1.07226968
1.10128140
1.12409556
1.14690971
1.16972399
1.19253814
1.21535230
1.23314393
1.25054455
1.26794529
1.28534591
1.30274653
1.31807256
1.33272731
1.34738207
1.36203694
1.37669170
1.39047408
1.40376115
1.41697645
1.42935443
1.44173253
1.45351017
1.46484327
1.47617018
1.48711240
1.49805462
1.50874090
1.51912236
1.52950394
1.53950524
1.54948747
1.55911219
1.56829584
1.57747960
1.58685577
1.59624350
1.60533357
1.61411798
1.62290239
1.63107252
1.64004564
1.64884353
1.65730131
1.66842175
1.68066669
1.11144674
1.15716970
1.20289266
1.24056625
1.27500510
1.30873561
1.33609116
1.36344671
1.39080238
1.41815805
1.44551361
1.46672773
1.48783064
1.50893354
1.53003645
1.55113935
1.56919467
1.58677197
1.60434937
1.62192678
1.63950408
1.65547514
1.67104745
1.68638289
1.70115662
1.71593034
1.73007143
1.74404657
1.75771117
1.77060735
1.78350365
1.79622257
1.80887568
1.82134068
1.83331943
1.84529817
1.85685086
1.86827946
1.87957561
1.89059591
1.90161633
1.91227984
1.92289209
1.93349767
1.94409072
1.95428097
1.96418631
1.97539926
1.98752713
2.00283337
1.32078719
1.37510765
1.42942822
1.47576129
1.51888466
1.55973470
1.59197521
1.62421584
1.65645635
1.68869698
1.72032130
1.74579859
1.77127588
1.79675317
1.82223034
1.84758222
1.86854506
1.88950777
1.91047049
1.93143320
1.95236206
1.97152793
1.99069381
2.00902891
2.02658010
2.04408073
2.06085086
2.07762122
2.09391427
2.10983276
2.12562513
2.14039898
2.15517259
2.16965079
2.18393660
2.19814301
2.21191835
2.22569394
2.23892665
2.25198770
2.26510477
2.27834654
2.29158807
2.30386400
2.31646824
2.32881403
2.34139848
2.35542274
2.36805654
2.37994123
